desc: I1 cache:         32768 B, 64 B, 8-way associative
desc: D1 cache:         24576 B, 64 B, 6-way associative
desc: LL cache:         524288 B, 64 B, 8-way associative
cmd: ./test_de4
events: Ir I1mr ILmr Dr D1mr DLmr Dw D1mw DLmw 
fl=/home/david/projects/c/de4/main.c
fn=deinit_prop0
21 20000 0 0 0 0 0 10000 0 0
23 20000 0 0 20000 0 0 0 0 0
fn=deinit_prop1
25 20000 0 0 0 0 0 10000 0 0
27 20000 0 0 20000 0 0 0 0 0
fn=deinit_prop2
29 20000 0 0 0 0 0 10000 0 0
31 20000 0 0 20000 0 0 0 0 0
fn=init_prop1
13 40000 1 1 0 0 0 20000 0 0
15 40000 0 0 40000 0 0 0 0 0
fn=init_prop2
17 20000 0 0 0 0 0 10000 0 0
19 20000 0 0 20000 0 0 0 0 0
fn=main
65 7 2 2 1 0 0 3 0 0
66 5 0 0 0 0 0 3 0 0
68 10 0 0 1 0 0 6 0 0
69 10 1 1 1 0 0 6 0 0
70 10 1 1 1 0 0 6 0 0
72 10 0 0 1 0 0 6 0 0
73 10 1 1 1 0 0 6 0 0
74 10 0 0 1 0 0 6 0 0
75 10 1 1 1 0 0 6 0 0
77 4 0 0 0 0 0 4 0 0
84 30004 1 1 20001 0 0 1 0 0
86 70000 0 0 10000 0 0 40000 0 0
89 3004 0 0 2001 0 0 1 0 0
91 11000 0 0 2000 0 0 7000 0 0
96 4 0 0 1 0 0 2 0 0
97 1 0 0 0 0 0 1 0 0
99 1 0 0 0 0 0 0 0 0
100 4 0 0 3 1 1 0 0 0
fn=testsys
55 30000000 0 0 0 0 0 10000000 0 0
56 20000000 1 1 10000000 0 0 10000000 0 0
58 200000000 0 0 100000000 0 0 20000000 0 0
59 200000000 1 1 100000000 0 0 20000000 0 0
60 240000000 0 0 120000000 1 1 20000000 0 0
62 20000000 0 0 20000000 0 0 0 0 0
fl=/home/david/projects/c/de4/src/de4.c
fn=de4_defcoreproperty
28 3 1 1 0 0 0 1 0 0
29 9 1 1 2 0 0 3 0 0
31 5 0 0 2 0 0 3 0 0
32 2 0 0 2 1 1 0 0 0
fn=de4_defproperty
22 6 1 1 0 0 0 2 0 0
23 18 0 0 4 0 0 6 0 0
25 10 0 0 4 0 0 6 0 0
26 4 0 0 4 0 0 0 0 0
fn=de4_pass1
107 4000 1 1 0 0 0 2000 0 0
108 2000 0 0 1000 0 0 0 0 0
111 1000 1 1 0 0 0 1000 0 0
113 4000 0 0 1000 0 0 0 0 0
130 50006000 1 1 40003000 0 0 1000 0 0
132 10000000 0 0 0 0 0 10000000 0 0
133 800000000 2 2 310000000 4375000 4375000 60000000 0 0
135 110000000 0 0 80000000 10000000 10000000 10000000 0 0
138 20000000 0 0 10000000 0 0 0 0 0
140 10000000 0 0 10000000 0 0 0 0 0
141 40000000 0 0 20000000 0 0 10000000 0 0
142 60000000 0 0 30000000 0 0 30000000 0 0
145 2000 0 0 1000 0 0 1000 0 0
148 1000 0 0 1000 0 0 0 0 0
149 3000 0 0 3000 0 0 0 0 0
fn=de4_propertyid
14 3012 1 1 0 0 0 1004 0 0
15 6024 0 0 2008 0 0 4016 0 0
16 5017 0 0 3010 1 1 0 0 0
18 1 0 0 0 0 0 0 0 0
19 2008 0 0 2008 0 0 0 0 0
fl=/home/david/projects/c/de4/src/entity.c
fn=de4_newentity
93 30000 1 1 0 0 0 10000 0 0
94 10000 0 0 0 0 0 10000 0 0
96 60000 0 0 10000 0 0 40000 0 0
97 20000 1 1 10000 0 0 0 0 0
99 80000 0 0 20000 0 0 40000 0 0
101 20000 0 0 10000 0 0 10000 0 0
103 170000 2 2 80000 0 0 0 0 0
105 240000 0 0 90000 0 0 120000 0 0
107 60000 0 0 30000 0 0 0 0 0
109 600000 0 0 240000 0 0 240000 0 0
112 30000 0 0 30000 0 0 0 0 0
116 10000 0 0 10000 0 0 0 0 0
117 20000 0 0 20000 0 0 0 0 0
fn=entity_deinit
21 80000 1 1 0 0 0 40000 0 0
22 200000 0 0 60000 0 0 20000 0 0
24 80000 0 0 40000 8752 4376 0 0 0
26 270000 2 2 120000 0 0 40000 0 0
28 100000 0 0 30000 0 0 0 0 0
30 40000 0 0 20000 1 1 0 0 0
31 170000 0 0 90000 1 1 50000 0 0
36 480000 2 2 240000 0 0 80000 1 0
38 160000 0 0 60000 10000 10000 80000 0 0
40 120000 1 1 60000 2 2 0 0 0
41 200000 0 0 120000 0 0 100000 0 0
43 120000 0 0 40000 0 0 40000 0 0
44 40000 0 0 20000 0 0 20000 0 0
46 240000 1 1 100000 0 0 100000 0 0
47 60000 0 0 60000 0 0 0 0 0
fn=entity_new
50 30000 0 0 0 0 0 10000 0 0
51 100000 1 1 50000 0 0 10000 0 0
53 50000 0 0 30000 0 0 0 0 0
55 90000 1 1 30000 0 0 10000 0 0
57 80000 0 0 40000 4376 4376 0 0 0
60 30000 0 0 20000 0 0 10000 0 0
62 50000 0 0 20000 0 0 10000 0 0
64 20000 0 0 10000 0 0 0 0 0
69 20000 0 0 20000 0 0 0 0 0
fl=/home/david/projects/c/de4/src/prop.c
fn=prop_add
123 120000 0 0 0 0 0 60000 0 0
124 180000 0 0 120000 0 0 0 0 0
128 300000 1 1 90000 0 0 30000 0 0
129 180000 1 1 60000 0 0 120000 0 0
130 60000 0 0 30000 0 0 0 0 0
132 30000 0 0 0 0 0 30000 0 0
134 120000 0 0 30000 0 0 0 0 0
136 30000 0 0 10000 0 0 10000 0 0
139 100000 1 1 40000 0 0 10000 0 0
141 110000 0 0 50000 0 0 10000 0 0
145 160000 1 1 40000 0 0 80000 0 0
148 20000 0 0 0 0 0 20000 0 0
149 340000 1 1 170000 0 0 60000 0 0
151 40000 0 0 20000 0 0 0 0 0
159 40000 0 0 20000 0 0 0 0 0
161 80000 0 0 40000 0 0 40000 0 0
162 630000 1 1 340000 0 0 120000 0 0
166 360000 1 1 210000 0 0 150000 0 0
168 30000 0 0 30000 0 0 0 0 0
169 90000 0 0 90000 0 0 0 0 0
fn=prop_addcoredef
58 3 1 1 0 0 0 1 0 0
59 4 1 1 2 1 1 0 0 0
61 15 0 0 8 0 0 7 0 0
62 5 1 1 2 0 0 1 0 0
64 57 2 2 26 0 0 14 1 1
66 9 1 1 2 0 0 4 0 0
67 9 0 0 3 0 0 4 0 0
68 40 2 2 20 2 2 8 0 0
70 2 0 0 1 0 0 0 0 0
76 2 0 0 2 0 0 0 0 0
fn=prop_adddef
49 6 0 0 0 0 0 2 0 0
50 30 1 1 16 0 0 14 0 0
51 10 0 0 4 0 0 2 0 0
53 91 2 2 44 0 0 22 1 1
55 2 0 0 2 0 0 0 0 0
56 4 0 0 4 0 0 0 0 0
fn=prop_clearall
79 3 0 0 0 0 0 1 0 0
80 12 1 1 5 0 0 5 0 0
81 12 1 1 5 0 0 5 0 0
84 30 1 1 14 0 0 6 0 0
85 12 0 0 5 0 0 5 0 0
86 2 0 0 2 0 0 0 0 0
fn=prop_get
90 120000 1 1 0 0 0 60000 0 0
91 180000 0 0 120000 0 0 0 0 0
93 300000 1 1 90000 0 0 30000 0 0
95 120000 0 0 30000 0 0 0 0 0
98 30000 0 0 10000 0 0 10000 0 0
101 70000 1 1 40000 0 0 0 0 0
104 100000 0 0 30000 0 0 0 0 0
107 20000 1 1 0 0 0 0 0 0
112 340000 0 0 170000 0 0 60000 0 0
114 40000 0 0 30000 0 0 0 0 0
117 20000 0 0 0 0 0 0 0 0
119 90000 1 1 90000 0 0 0 0 0
fn=prop_getdef
29 93021 1 1 0 0 0 31007 0 0
30 667155 1 1 302070 0 0 104024 0 0
32 279054 1 1 62012 0 0 93018 0 0
34 20002 0 0 10001 0 0 0 0 0
37 380128 1 1 175058 0 0 62020 0 0
39 279054 0 0 62012 0 0 93018 0 0
41 42004 0 0 21002 0 0 0 0 0
45 4 0 0 0 0 0 0 0 0
46 62014 0 0 62014 0 0 0 0 0
fn=prop_getdefi
14 100000 1 1 0 0 0 50000 0 0
15 200000 1 1 50000 0 0 0 0 0
17 60000 0 0 30000 0 0 0 0 0
18 100000 0 0 30000 0 0 0 0 0
22 240000 0 0 120000 0 0 0 0 0
23 400000 0 0 120000 0 0 0 0 0
27 100000 0 0 100000 0 0 0 0 0
fl=/home/david/projects/c/de4/src/state.c
fn=de4_create
16 4 2 2 0 0 0 2 0 0
17 5 0 0 0 0 0 3 0 0
19 6 0 0 3 0 0 3 0 0
20 6 1 1 3 0 0 3 0 0
22 3 0 0 2 1 0 1 0 0
23 2 0 0 1 0 0 1 0 0
25 12 1 1 2 0 0 3 0 0
26 40005 1 1 30002 0 0 1 0 0
27 410000 0 0 30000 0 0 70000 4375 4375
29 60007 1 1 40003 0 0 1 0 0
31 60000 0 0 20000 0 0 30000 0 0
34 6 0 0 3 0 0 3 0 0
36 2 0 0 1 0 0 1 0 0
37 2 0 0 1 0 0 1 0 0
38 2 0 0 1 0 0 1 1 0
40 2 1 1 1 0 0 1 0 0
42 1 0 0 1 0 0 0 0 0
43 3 0 0 3 1 0 0 0 0
fn=de4_destroy
46 3 0 0 0 0 0 1 0 0
47 60007 0 0 40003 0 0 1 0 0
49 60000 0 0 20000 0 0 30000 0 0
51 6 0 0 2 0 0 2 0 0
53 4 0 0 1 0 0 2 0 0
55 4 0 0 1 0 0 2 0 0
56 2 0 0 2 0 0 0 0 0
fn=state_callenv
60 180000 1 1 0 0 0 60000 0 0
64 180000 0 0 120000 0 0 60000 0 0
65 180000 0 0 120000 0 0 60000 0 0
66 300000 0 0 120000 0 0 120000 1 1
67 120000 0 0 60000 0 0 60000 0 0
68 120000 0 0 60000 0 0 60000 0 0
69 120000 0 0 120000 0 0 0 0 0
fl=???
fn=(below main)
0 65 5 5 19 2 0 26 0 0
fn=???
0 423839 28 26 423689 1008 1005 66 1 1
fn=_Exit
0 3 1 1 2 0 0 1 0 0
fn=_IO_check_libio
0 10 2 2 4 0 0 3 0 0
fn=_IO_cleanup
0 108 8 8 34 3 3 23 0 0
fn=_IO_default_setbuf
0 37 3 3 11 0 0 16 0 0
fn=_IO_default_xsputn
0 865 4 4 278 0 0 157 0 0
fn=_IO_do_write@@GLIBC_2.1
0 142 2 2 38 0 0 22 0 0
fn=_IO_doallocbuf
0 19 2 2 8 0 0 3 0 0
fn=_IO_file_doallocate
0 69 5 5 15 2 2 20 1 1
fn=_IO_file_overflow@@GLIBC_2.1
0 1792 7 7 548 0 0 350 2 2
fn=_IO_file_setbuf@@GLIBC_2.1
0 25 2 2 7 0 0 13 0 0
fn=_IO_file_stat
0 8 1 1 4 0 0 4 1 1
fn=_IO_file_sync@@GLIBC_2.1
0 21 2 2 8 0 0 5 0 0
fn=_IO_file_write@@GLIBC_2.1
0 245 3 3 91 0 0 49 0 0
fn=_IO_file_xsputn@@GLIBC_2.1
0 2986 7 7 771 1 1 357 1 1
fn=_IO_flush_all_lockp
0 85 8 8 26 8 8 14 0 0
fn=_IO_padn
0 273 4 4 84 0 0 70 0 0
fn=_IO_setb
0 48 3 3 18 0 0 12 0 0
fn=__GI_mempcpy
0 464 1 1 194 0 0 86 0 0
fn=__GI_strrchr
0 80 7 7 9 1 0 2 0 0
fn=___tls_get_addr
0 17 2 2 8 4 4 2 0 0
fn=__call_tls_dtors
0 19 2 2 6 1 1 6 0 0
fn=__ctype_init
0 23 2 2 13 2 0 6 0 0
fn=__cxa_atexit
0 23 2 2 6 0 0 8 0 0
fn=__cxa_finalize
0 53 3 3 13 1 1 9 0 0
fn=__default_morecore
0 200 2 2 50 0 0 50 5 0
fn=__fxstat64
0 39 1 1 12 0 0 6 0 0
fn=__fxstat64@@GLIBC_2.2
0 13 2 2 5 0 0 3 0 0
fn=__init_cpu_features
0 77 7 7 8 0 0 19 0 0
fn=__init_misc
0 28 2 2 9 1 0 9 1 0
fn=__libc_csu_init
0 32 3 3 9 1 0 10 0 0
fn=__libc_memalign
0 595 3 3 158 0 0 150 1 1
fn=__linkin_atfork
0 14 2 2 6 1 1 3 0 0
fn=__memset_sse2
0 70033 8 8 9 2 1 40004 10001 10001
fn=__new_exitfn
0 46 5 5 15 3 1 8 0 0
fn=__run_exit_handlers
0 63 5 5 13 3 3 15 0 0
fn=__sigsetjmp
0 33 2 2 9 0 0 18 0 0
fn=__strcmp_ssse3
0 1922297 4 4 868138 3002 3002 0 0 0
fn=__strncpy_ssse3
0 430000 7 7 100000 0 0 40000 0 0
fn=__unregister_atfork
0 23 1 1 9 1 1 5 0 0
fn=__write_nocancel
0 70 1 1 42 0 0 14 0 0
fn=__x86.get_pc_thunk.bx
0 6 0 0 6 0 0 0 0 0
fn=_dl_add_to_namespace_list
0 148 3 3 44 0 0 50 0 0
fn=_dl_add_to_slotinfo
0 26 2 2 11 1 0 7 1 0
fn=_dl_addr
0 61682 9 9 27229 795 608 935 3 0
fn=_dl_allocate_tls_init
0 99 6 6 33 1 0 24 1 0
fn=_dl_allocate_tls_storage
0 337 2 2 6 0 0 313 19 19
fn=_dl_cache_libcmp
0 1273 5 5 272 11 11 50 0 0
fn=_dl_catch_error
0 147 4 4 39 0 0 72 1 1
fn=_dl_check_all_versions
0 77 3 3 17 0 0 10 0 0
fn=_dl_check_map_versions
0 1557 13 13 580 21 21 257 11 11
fn=_dl_count_modids
0 10 1 1 5 0 0 3 0 0
fn=_dl_debug_initialize
0 59 3 3 17 0 0 12 0 0
fn=_dl_debug_state
0 2 0 0 2 0 0 0 0 0
fn=_dl_determine_tlsoffset
0 84 7 7 27 0 0 20 0 0
fn=_dl_discover_osversion
0 91 4 4 13 2 2 8 2 2
fn=_dl_find_dso_for_object
0 45 3 3 16 0 0 6 0 0
fn=_dl_fini
0 296 12 12 111 23 23 47 4 4
fn=_dl_fixup
0 933 6 6 347 54 24 179 4 0
fn=_dl_important_hwcaps
0 1536 20 20 333 0 0 92 1 1
fn=_dl_init
0 94 4 4 35 1 0 21 0 0
fn=_dl_init_paths
0 109 8 8 13 0 0 35 1 1
fn=_dl_initial_error_catch_tsd
0 16 0 0 4 0 0 4 0 0
fn=_dl_load_cache_lookup
0 441 19 19 107 10 10 61 0 0
fn=_dl_lookup_symbol_x
0 21593 10 10 5166 113 96 3047 13 4
fn=_dl_map_object
0 446 21 21 104 0 0 94 2 2
fn=_dl_map_object_deps
0 1194 33 33 288 0 0 185 1 1
fn=_dl_map_object_from_fd
0 1849 48 48 530 11 11 293 11 11
fn=_dl_name_match_p
0 1791 2 2 445 7 1 562 2 2
fn=_dl_new_object
0 639 15 15 126 3 3 149 16 16
fn=_dl_next_ld_env_entry
0 185 2 2 63 9 9 1 0 0
fn=_dl_next_tls_modid
0 18 2 2 7 0 0 6 1 1
fn=_dl_protect_relro
0 87 2 2 24 0 0 24 0 0
fn=_dl_receive_error
0 31 2 2 11 0 0 15 0 0
fn=_dl_relocate_object
0 22745 48 48 8233 511 468 2024 7 2
fn=_dl_runtime_resolve
0 121 2 2 66 0 0 55 0 0
fn=_dl_setup_hash
0 136 3 3 44 6 6 44 0 0
fn=_dl_sort_fini
0 217 7 7 70 1 1 49 2 2
fn=_dl_start
0 708 18 17 214 17 16 70 11 10
fn=_dl_sysdep_read_whole_file
0 51 3 3 6 0 0 22 0 0
fn=_dl_sysdep_start
0 441 13 13 110 10 8 58 5 5
fn=_dl_sysdep_start_cleanup
0 1 1 1 1 0 0 0 0 0
fn=_dl_sysinfo_int80
0 77 0 0 38 0 0 0 0 0
fn=_dl_unload_cache
0 17 1 1 4 1 0 6 0 0
fn=_init
0 34 3 3 13 3 0 13 3 3
fn=_int_free
0 2560469 19 19 740151 7 7 310069 0 0
fn=_int_malloc
0 4423238 40 40 821048 155 12 830569 20009 20009
fn=_int_memalign
0 69 6 6 11 0 0 13 0 0
fn=_itoa_word
0 423 3 3 94 1 1 66 0 0
fn=_mid_memalign
0 87 6 6 24 0 0 16 0 0
fn=_setjmp
0 16 2 2 5 0 0 7 0 0
fn=access
0 14 1 1 3 0 0 2 0 0
fn=allocate_dtv
0 24 2 2 5 0 0 9 1 1
fn=bcmp
0 407 6 6 150 10 10 36 0 0
fn=brk
0 415 3 3 128 0 0 103 0 0
fn=call_init.part.0
0 186 4 4 68 3 0 46 0 0
fn=calloc
0 1860168 9 9 460048 0 0 280048 0 0
fn=check_match
0 6516 6 6 2617 48 23 1203 13 7
fn=close
0 24 0 0 6 0 0 0 0 0
fn=dl_main
0 1146 73 73 302 23 15 200 10 10
fn=do_lookup_x
0 27726 16 16 10237 239 174 4944 15 5
fn=do_preload
0 35 3 3 10 0 0 12 0 0
fn=exit
0 9 1 1 1 0 0 6 0 0
fn=expand_dynamic_string_token
0 23 2 2 5 0 0 9 1 1
fn=free
0 800144 3 3 200034 10007 10005 110018 0 0
fn=handle_intel
0 235 5 5 34 0 0 78 0 0
fn=index
0 604 7 7 65 2 2 20 0 0
fn=init_cacheinfo
0 127 8 8 15 0 0 21 2 2
fn=init_tls
0 90 6 6 19 1 1 25 1 1
fn=intel_check_word
0 2720 7 7 392 9 9 99 0 0
fn=local_strdup
0 50 1 1 8 0 0 24 0 0
fn=malloc
0 430408 5 5 140131 12 6 40116 3 3
fn=malloc_consolidate
0 16 2 2 5 0 0 5 0 0
fn=malloc_hook_ini
0 17 2 2 5 1 1 6 1 0
fn=malloc_init_state
0 655 3 3 4 0 0 260 15 15
fn=map_doit
0 17 1 1 6 0 0 6 1 1
fn=match_symbol
0 272 4 4 113 4 4 40 0 0
fn=memalign
0 5 1 1 3 0 0 1 0 0
fn=memalign_hook_ini
0 16 2 2 6 0 0 4 0 0
fn=memcpy
0 327 2 2 122 0 0 67 7 7
fn=mempcpy
0 107 1 1 47 1 0 23 2 2
fn=memrchr
0 12 2 2 5 1 1 2 0 0
fn=memset
0 1227 5 5 59 2 0 1058 66 66
fn=mmap
0 253 4 4 124 0 0 47 0 0
fn=mprotect
0 30 1 1 15 0 0 3 0 0
fn=munmap
0 27 3 3 11 0 0 2 0 0
fn=munmap_chunk
0 68 3 3 24 2 2 14 0 0
fn=new_do_write
0 301 3 3 105 0 0 91 0 0
fn=open
0 30 1 1 15 0 0 3 0 0
fn=open_verify
0 442 13 13 124 3 3 76 0 0
fn=openaux
0 38 1 1 18 0 0 12 1 1
fn=printf
0 98 2 2 35 2 2 42 0 0
fn=ptmalloc_init.part.7
0 234 7 7 73 19 1 17 4 0
fn=read
0 20 1 1 10 0 0 2 0 0
fn=read_int
0 119 2 2 49 0 0 21 0 0
fn=realloc
0 240099 4 4 80034 4 2 60027 0 0
fn=realloc_hook_ini
0 20 1 1 8 1 0 8 0 0
fn=rtld_lock_default_lock_recursive
0 15 1 1 15 1 1 0 0 0
fn=rtld_lock_default_unlock_recursive
0 15 0 0 15 1 0 0 0 0
fn=sbrk
0 741 5 5 208 48 3 154 19 1
fn=strchrnul
0 1332 6 6 131 3 3 14 0 0
fn=strcmp
0 11514 4 4 3824 47 27 2 0 0
fn=strlen
0 766 3 3 110 1 1 0 0 0
fn=strncasecmp
0 13 2 2 5 0 0 2 0 0
fn=strncpy
0 16 3 3 6 1 1 2 0 0
fn=strnlen
0 12 2 2 4 1 1 3 0 0
fn=strsep
0 913 3 3 157 0 0 13 0 0
fn=uname
0 8 1 1 2 0 0 0 0 0
fn=version_check_doit
0 16 2 2 6 0 0 4 0 0
fn=vfprintf
0 2677 45 45 1005 12 12 652 5 5
fn=wcslen
0 11 2 2 4 0 0 2 0 0
fn=write
0 14 1 1 7 0 0 0 0 0
summary: 1837290330 1008 1005 859826786 14414471 14409445 204821330 34692 34621
